Webots Project File version R2025a
perspectives: 000000ff00000000fd00000002000000010000011c000002fdfc0200000001fb0000001400540065007800740045006400690074006f00720000000016000002fd0000003f00ffffff0000000300000774000000d9fc0100000001fb0000001a0043006f006e0073006f006c00650041006c006c0041006c006c03000003c50000002e000003b500000404000003b5000003d800000001000000020000000100000008fc00000000
simulationViewPerspectives: 000000ff000000010000000200000100000005560100000002010000000100
sceneTreePerspectives: 000000ff00000001000000030000001f000002c0000000fa0100000002010000000200
maximizedDockId: -1
centralWidgetVisible: 1
orthographicViewHeight: 1
textFiles: -1
consoles: Console:All:All
renderingDevicePerspectives: Pioneer 3-AT:camera;1;1.57819;0.540323;0.391489
