Webots Project File version R2025a
perspectives: 000000ff00000000fd00000002000000010000011c000003dcfc0200000001fb0000001400540065007800740045006400690074006f00720000000016000003dc0000003f00ffffff0000000300000778000000d9fc0100000001fb0000001a0043006f006e0073006f006c00650041006c006c0041006c006c03000000040000002c000002bc0000040800000778000003dc00000001000000020000000100000008fc00000000
simulationViewPerspectives: 000000ff000000010000000200000000000003b70100000002010000000101
sceneTreePerspectives: 000000ff00000001000000030000001f0000039f000000fa0100000002010000000201
maximizedDockId: -1
centralWidgetVisible: 1
renderingMode: PLAIN
orthographicViewHeight: 1
textFiles: -1
globalOptionalRendering: RadarFrustums::RangeFinderFrustums::LidarPointClouds
renderingDevicePerspectives: Pioneer 3-AT:camera;1;3.105;0.265969;0.837069
